33345 UKKK Kyiv Observations at 12Z 26 Apr 1986
-----------------------------------------------------------------------------
   PRES   HGHT   TEMP   DWPT   RELH   MIXR   DRCT   SKNT   THTA   THTE   THTV
    hPa     m      C      C      %    g/kg    deg   knot     K      K      K 
-----------------------------------------------------------------------------
 1000.0    149                                                               
  998.0    167   19.2    5.2     40   5.59    360     12  292.5  308.9  293.5
  850.0   1512    7.0   -3.0     49   3.62     70     12  293.5  304.4  294.1
  700.0   3072   -5.5   -6.3     94   3.43     80     20  296.4  306.8  297.0
  521.0   5317  -19.7  -23.7     70   1.09    120     31  305.4  309.0  305.6
  500.0   5620  -21.7  -26.3     66   0.90    125     32  306.5  309.6  306.7
  475.0   5995  -25.1  -30.1     63   0.66    122     31  306.8  309.2  307.0
  400.0   7220  -34.3  -38.1     68   0.36    110     28  310.3  311.6  310.4
  357.0   8001  -40.7                         112     26  312.0         312.0
  252.0  10308  -50.7                         120     20  329.8         329.8
  250.0  10360  -49.7                         120     20  332.1         332.1
  239.0  10654  -49.1                         119     20  337.2         337.2
  200.0  11820  -48.3                         115     20  356.1         356.1
  150.0  13690  -50.7                         160     20  382.5         382.5
  143.0  14001  -50.1                         161     20  388.8         388.8
  126.0  14819  -52.9                         164     18  398.1         398.1
  100.0  16300  -54.3                         170     16  422.5         422.5
   70.0  18580  -56.1                         165     12  464.0         464
   50.0  20730  -55.7                         125     12  511.8         511.8
   30.0  23970  -55.5                         100     12  592.7         592.7
   20.0  26560  -53.9                          90     12  670.4         670.4



