1415 Observations at 12Z 24 Apr 1986
-----------------------------------------------------------------------------
   PRES   HGHT   TEMP   DWPT   RELH   MIXR   DRCT   SKNT   THTA   THTE   THTV
    hPa     m      C      C      %    g/kg    deg   knot     K      K      K 
-----------------------------------------------------------------------------
 1013.0     37   11.2    2.2     54   4.45    120     15  283.3  296.0  284.1
 1000.0    136    9.8    1.8     57   4.38    120     27  282.9  295.4  283.7
  925.0    776    3.2    0.1     80   4.18    144     30  282.6  294.5  283.3
  891.0   1079    1.0   -2.6     77   3.56    156     31  283.3  293.6  283.9
  883.0   1152    1.2   -5.8     60   2.82    158     32  284.3  292.6  284.8
  850.0   1457   -0.9   -5.9     69   2.91    170     33  285.2  293.7  285.7
  830.0   1647   -1.9   -8.9     59   2.36    172     32  286.1  293.1  286.5
  750.0   2444   -8.1  -10.2     85   2.36    183     25  287.8  294.8  288.2
  720.0   2761   -9.5  -12.9     76   1.98    187     23  289.6  295.6  289.9
  710.0   2869  -10.1  -17.1     57   1.42    189     22  290.1  294.5  290.3
  700.0   2978  -10.5  -15.2     68   1.68    190     21  290.8  296.1  291.1
  685.0   3144  -12.1  -15.3     77   1.71    191     22  290.9  296.1  291.1
  580.0   4394  -21.9  -23.7     85   0.98    196     27  293.6  296.7  293.7
  535.0   4983  -25.9  -34.9     43   0.37    198     29  295.6  296.9  295.7
  500.0   5470  -29.3  -37.3     46   0.31    200     31  297.3  298.4  297.3
  400.0   7020  -42.5                         190     35  299.7         299.7
  321.0   8472  -54.5                         200     38  302.5         302.5
  300.0   8910  -51.1                         200     39  313.2         313.2
  250.0  10100  -48.5                         200     29  333.8         333.8
  240.0  10370  -46.1                         200     29  341.4         341.4
  200.0  11580  -46.1                         200     27  359.6         359.6
  150.0  13490  -47.5                         190     21  388.0         388.0
  100.0  16170  -48.1                         170     14  434.5         434.5
   70.0  18520  -46.3                         160     19  485.0         485.0
   50.0  20730  -50.7                         170     10  523.5         523.5
   30.0  24060  -51.1                         100     16  604.7         604.7
